pracownia2/zadanie2.py
parametry eps = [0.1, 
0.046415888336127795, 
0.021544346900318846, 
0.01, 
0.004641588833612782, 
0.002154434690031882, 
0.001, 
0.00046415888336127773, 
0.00021544346900318845, 
0.0001, 
4.641588833612772e-05, 
2.1544346900318867e-05, 
1e-05, 
4.641588833612782e-06, 
2.1544346900318822e-06]

Metoda potęgowa:
seria1: [0.11394133160461235, 
0.11549677953594677, 
0.11032044064176987, 
0.11107160733864596, 
0.11772936152694553, 
0.10040277981337498, 
0.03813749061157777, 
0.051863998992197236, 
0.024878851014482492, 
0.014096359496009219, 
0.008263260800653465, 
0.0007897970974183619, 
0.0021163165484855582, 
0.00011579748880057161, 
9.385077878463425e-05]

srednieIteracjePotegowa: [40.0, 
40.0, 
40.0, 
40.0, 
40.0, 
43.0, 
67.0, 
60.0, 
83.0, 
93.0, 
100.0, 
123.0, 
125.0, 
147.0, 
153.0]
srednieIlosciLinkowPot: [298.06666666666666, 
296.81333333333333, 
298.97999999999996, 
299.46000000000004, 
301.41999999999996, 
299.64000000000004, 
302.59999999999997, 
299.6, 
297.8066666666667, 
300.8066666666666, 
300.5466666666667, 
300.37333333333333, 
300.88, 
300.18, 
301.4933333333333]

Metoda iteracji Seidela:
seria2: [0.01758565535631092, 
0.018032131777107992, 
0.01791201625734044, 
0.00784916897968418, 
0.003813574672941632, 
0.001785125341080802, 
0.0008301878691885517, 
0.0003773241827546254, 
0.000176116178848317, 
8.506151047825948e-05, 
3.773591830660336e-05, 
1.754510350436972e-05, 
8.145752235302027e-06, 
3.6626972223032657e-06, 
1.8164208655776018e-06]
srednieIteracjeSeidela: [20.0, 
21.0, 
96.0, 
721.0, 
1189.0, 
1771.0, 
2314.0, 
2980.0, 
3583.0, 
4190.0, 
5037.0, 
5326.0, 
5782.0, 
6814.0, 
6967.0]
srednieIlosciLinkowSei: [300.58666666666664, 
296.5933333333333, 
298.43333333333334, 
301.09999999999997, 
299.9866666666667, 
302.73999999999995, 
300.0, 
299.36, 
298.67999999999995, 
299.2133333333333, 
297.58666666666664, 
298.8333333333333, 
300.14666666666665, 
299.0466666666666, 
300.1066666666667]