k = 5 (nie jest srednia)
pomiary (dla jednego rozmiaru do sredniej) = 40
norma = 1
n = [3, 7, 11, 15, 19, 23, 27, 31, 35, 39, 43, 47, 51, 55, 59]
srednieNormy: [0.8583878246686126,
1.141947036684496,
1.233759540183447,
1.2284336728306595,
1.2331110793625684,
1.2082224697528745,
1.2360617211800005,
1.2325242940359646,
1.2061050889926992,
1.196608582183106,
1.1959711146946712,
1.1839266215378257,
1.187971399598804,
1.1745199947024934,
1.204621019017632]
srednieNiedokladnosci: [0.009097933490743665,
0.007878809607653766,
0.0037862210009352486,
0.0014852075704223282,
0.0010538452035147423,
0.0005483423718025024,
0.0003628217796030831,
0.0002806636011253642, 
0.00019939936823508729,
0.00014425680641601157,
0.00010987646867420008,
7.66305800001385e-05,
7.656068469862982e-05,
4.5701521178911777e-05,
4.532362491181379e-05]